18
21
23
27
29
31
35
37
39
43
45
47
50
52
55
57
59
61
63
66
69
71
73
75
78
79
82
85
87
89
91
93
94
95
98
100
102
103
105
107
109
110
111
113
115
117
118
119
121
123
124
125
126
127
130
132
134
135
138
139
141
143
145
147
148
150
151
153
154
156
157
159
159
161
163
165
166
167
169
170
171
173
174
175
176
178
179
180
181
182
183
184
185
186
187
188
189
189
190
191
191
193
194
195
196
197
198
199
199
200
201
202
203
203
203
204
204
205
205
205
206
206
206
206
207
207
207
207
207
207
207
207
207
207
207
207
208
208
209
209
209
209
209
210
210
210
210
210
210
211
209
208
206
205
204
203
202
201
200
199
198
198
197
196
196
196
195
195
194
194
194
193
193
193
193
193
192
192
192
192
192
192
192
192
192
192
192
191
190
189
188
188
187
186
186
185
185
184
184
184
183
183
182
182
181
181
181
180
180
180
179
179
179
179
178
178
178
178
178
178
177
177
177
177
177
177
177
177
177
176
176
176
176
176
176
176
176
176
176
176
176
176
176
176
176
176
176
176
176
176
176
176
176
176
176
176
176
176
176
176
176
176
176
176
176
176
176
176
176
176
176
176
176
176
176
176
176
176
176
175
175
174
174
174
173
173
173
173
172
172
172
172
172
172
171
171
171
171
171
171
170
170
170
170
170
170
170
170
170
170
170
170
170
170
169